"Filename","Total Includes","Unique Includes","Duplicate Includes"
"vrjugglua/FindVPRDLL.h",104,77,27
"vrjugglua/Internal AnalogInterface.h",104,77,27
"vrjugglua/Internal DigitalInterface.h",104,77,27
"vrjugglua/Internal PositionInterface.h",135,105,30
"vrjugglua/LuaConsole.h",575,378,197
"vrjugglua/LuaGCBlock.h",121,91,30
"vrjugglua/LuaIncludeFull.h",39,30,9
"vrjugglua/LuaInclude.h",23,20,3
"vrjugglua/LuaPath.h",578,381,197
"vrjugglua/LuaRunBuffer.h",772,502,270
"vrjugglua/LuaScript.h",574,377,197
"vrjugglua/OsgAppProxy.h",855,544,311
"vrjugglua/osgLuaBind.h",1080,655,425
"vrjugglua/SynchronizedRunBuffer.h",773,503,270
"vrjugglua/VRJLua C Interface.h",24,21,3
"vrjugglua/VRJLuaOutput.h",1,1,0
"osgLua/Callback",246,200,46
"osgLua/Config.in",1,1,0
"osgLua/introspection",1,1,0
"osgLua/LoadWrapper",23,20,3
"osgLua/LuaInclude",22,19,3
"osgLua/Script",178,139,39
"osgLua/Value",171,133,38
"luabind/adopt policy.hpp",729,470,259
"luabind/back reference fwd.hpp",1,1,0
"luabind/back reference.hpp",728,470,258
"luabind/class.hpp",1019,604,415
"luabind/class info.hpp",1019,606,413
"luabind/config.hpp",66,51,15
"luabind/container policy.hpp",562,381,181
"luabind/copy policy.hpp",561,381,180
"luabind/dependency policy.hpp",561,381,180
"luabind/discard result policy.hpp",561,381,180
"luabind/error callback fun.hpp",68,53,15
"luabind/error.hpp",191,140,51
"luabind/exception handler.hpp",332,231,101
"luabind/from stack.hpp",1,1,0
"luabind/function.hpp",891,541,350
"luabind/get main thread.hpp",68,53,15
"luabind/get pointer.hpp",44,37,7
"luabind/handle.hpp",160,130,30
"luabind/iterator policy.hpp",563,382,181
"luabind/luabind.hpp",1020,605,415
"luabind/lua include.hpp",36,27,9
"luabind/lua state fwd.hpp",1,1,0
"luabind/make function.hpp",879,538,341
"luabind/nil.hpp",67,52,15
"luabind/no dependency.hpp",561,381,180
"luabind/object.hpp",692,463,229
"luabind/open.hpp",68,53,15
"luabind/operator.hpp",587,401,186
"luabind/out value policy.hpp",562,381,181
"luabind/prefix.hpp",1,1,0
"luabind/raw policy.hpp",561,381,180
"luabind/return reference to policy.hpp",561,381,180
"luabind/scope.hpp",122,93,29
"luabind/shared ptr converter.hpp",587,402,185
"luabind/tag function.hpp",255,224,31
"luabind/typeid.hpp",187,136,51
"luabind/value wrapper.hpp",132,110,22
"luabind/version.hpp",1,1,0
"luabind/weak ref.hpp",68,53,15
"luabind/wrapper base.hpp",727,470,257
"luabind/yield policy.hpp",561,381,180
